#AT1G02000.1	224
[0,1780] [345811,347591]	
#AT1G02010.1	225
[2201,2555] [352125,352479]	+G_G_U_C
[2111,2200] [351911,352000]	+G_G_U_C
[1703,2110] [351411,351818]	+G_G_U_C
[1625,1702] [351251,351328]	+G_G_U_C
[1508,1624] [351043,351159]	+G_G_U_C
[1412,1507] [350870,350965]	+G_G_U_C
[1286,1411] [350657,350782]	+G_G_U_C
[1189,1285] [350473,350569]	+G_G_U_C
[1118,1188] [350225,350295]	+G_G_U_C
[1019,1117] [350048,350146]	+G_G_U_C
[935,1018] [349802,349885]	+G_G_U_C
[764,934] [349549,349719]	+G_G_U_C
[635,763] [349237,349365]	+G_G_U_C
[602,634] [349066,349098]	+G_G_U_C
[505,601] [348879,348975]	+G_G_U_C
[454,504] [348734,348784]	+K_C_G_I
[375,453] [348561,348639]	+K_C_G_I
[293,374] [348372,348453]	+G_G_U_C
[237,292] [348211,348266]	+G_G_U_C
[0,236] [347890,348126]	
#AT1G02065.2	230
[1293,1603] [366985,367295]	+K_C_G_I
[0,1292] [365566,366858]	
#AT1G02065.1	231
[1254,1564] [366985,367295]	+K_C_G_I
[1117,1253] [366722,366858]	+G_G_U_C
[0,1116] [365208,366324]	
#AT1G01970.1	260
[696,1644] [339125,340073]	+G_G_U_C
[0,695] [338291,338986]	
#AT1G01950.1	271
[2524,2792] [330242,330510]	+G_G_U_C
[2395,2523] [330026,330154]	+G_G_U_C
[2251,2394] [329780,329923]	+G_G_U_C
[2125,2250] [329572,329697]	+G_G_U_C
[1999,2124] [329310,329435]	+G_G_U_C
[1906,1998] [329118,329210]	+G_G_U_C
[1773,1905] [328897,329029]	+G_G_U_C
[1641,1772] [328423,328554]	+G_G_U_C
[1506,1640] [328187,328321]	+G_G_U_C
[1398,1505] [327999,328106]	+G_G_U_C
[1194,1397] [327662,327865]	+G_G_U_C
[1105,1193] [327487,327575]	+G_G_U_C
[955,1104] [327236,327385]	+G_G_U_C
[801,954] [326930,327083]	+G_G_U_C
[579,800] [326593,326814]	+G_G_U_C
[393,578] [326331,326516]	+G_G_U_C
[270,392] [326105,326227]	+G_G_U_C
[169,269] [325912,326012]	+G_G_U_C
[0,168] [325472,325640]	
#AT1G02080.1	274
[6882,7274] [386427,386819]	+G_G_U_C
[6681,6881] [386132,386332]	+G_G_U_C
[6546,6680] [385908,386042]	+G_G_U_C
[6441,6545] [385712,385816]	+G_G_U_C
[6249,6440] [385431,385622]	+G_G_U_C
[6095,6248] [385170,385323]	+G_G_U_C
[6033,6094] [384907,384968]	+G_G_U_C
[5886,6032] [384693,384839]	+G_G_U_C
[5838,5885] [384557,384604]	+G_G_U_C
[5706,5837] [384317,384448]	+G_G_U_C
[5559,5705] [384083,384229]	+G_G_U_C
[5478,5558] [383607,383687]	+G_G_U_C
[5343,5477] [383394,383528]	+G_G_U_C
[5242,5342] [383029,383129]	+K_C_G_I
[5115,5241] [382802,382928]	+G_G_U_C
[4920,5114] [382372,382566]	+G_G_U_C
[4875,4919] [382126,382170]	+G_G_U_C
[4746,4874] [381911,382039]	+G_G_U_C
[4643,4745] [381729,381831]	+G_G_U_C
[4413,4642] [381404,381633]	+G_G_U_C
[4230,4412] [381149,381331]	+G_G_U_C
[4077,4229] [380845,380997]	+G_G_U_C
[3981,4076] [380601,380696]	+G_G_U_C
[3875,3980] [380269,380374]	+G_G_U_C
[3789,3874] [380088,380173]	+G_G_U_C
[3651,3788] [379865,380002]	+G_G_U_C
[3408,3650] [379527,379769]	+G_G_U_C
[3279,3407] [379304,379432]	+G_G_U_C
[3231,3278] [379182,379229]	+G_G_U_C
[3084,3230] [378942,379088]	+G_G_U_C
[2975,3083] [378745,378853]	+G_G_U_C
[2829,2974] [378503,378648]	+G_G_U_C
[2761,2828] [378297,378364]	+G_G_U_C
[2688,2760] [378118,378190]	+G_G_U_C
[2532,2687] [377880,378035]	+G_G_U_C
[2307,2531] [377390,377614]	+K_C_G_I
[2212,2306] [377210,377304]	+G_G_U_C
[2108,2211] [376924,377027]	+G_G_U_C
[1854,2107] [376561,376814]	+G_G_U_C
[1731,1853] [376351,376473]	+G_G_U_C
[1593,1730] [376113,376250]	+G_G_U_C
[1398,1592] [375807,376001]	+K_C_G_I
[1206,1397] [375527,375718]	+G_G_U_C
[1077,1205] [375324,375452]	+G_G_U_C
[960,1076] [375121,375237]	+K_C_G_I
[620,959] [374582,374921]	+G_G_U_C
[391,619] [374271,374499]	+G_G_U_C
[93,390] [373891,374188]	+G_G_U_C
[0,92] [373693,373785]	
#AT1G02160.1	286
[186,440] [411335,411589]	+G_G_U_C
[109,185] [411176,411252]	+G_G_U_C
[0,108] [410784,410892]	
#AT1G02170.1	287
[1044,1609] [413366,413931]	+G_G_U_C
[828,1043] [413079,413294]	+G_G_U_C
[707,827] [412882,413002]	+G_G_U_C
[376,706] [412459,412789]	+G_G_U_C
[0,375] [411882,412257]	
#AT1G02190.2	292
[1773,2160] [417622,418009]	+G_G_U_C
[1500,1772] [417247,417519]	+G_G_U_C
[1299,1499] [416961,417161]	+K_C_G_I
[1203,1298] [416742,416837]	+K_C_G_I
[812,1202] [416044,416434]	+G_G_U_C
[592,811] [415741,415960]	+K_C_G_I
[0,591] [415078,415669]	
#AT1G02190.1	293
[1785,2172] [417622,418009]	+G_G_U_C
[1512,1784] [417247,417519]	+G_G_U_C
[1311,1511] [416961,417161]	+K_C_G_I
[1203,1310] [416730,416837]	+K_C_G_I
[812,1202] [416044,416434]	+G_G_U_C
[592,811] [415741,415960]	+K_C_G_I
[0,591] [415078,415669]	
#AT1G02150.1	306
[517,1909] [409218,410610]	+G_G_U_C
[0,516] [408621,409137]	
#AT1G02110.1	314
[1277,2159] [394671,395553]	+G_G_U_C
[1195,1276] [394369,394450]	+G_G_U_C
[1125,1194] [394227,394296]	+G_G_U_C
[937,1124] [393965,394152]	+K_C_G_I
[0,936] [392938,393874]	
#AT1G02100.2	319
[1105,1325] [392575,392795]	+G_G_U_C
[983,1104] [392373,392494]	+G_G_U_C
[944,982] [392261,392299]	+G_G_U_C
[888,943] [392020,392075]	+G_G_U_C
[823,887] [391651,391715]	+G_G_U_C
[739,822] [391457,391540]	+G_G_U_C
[691,738] [391215,391262]	+G_G_U_C
[570,690] [391002,391122]	+G_G_U_C
[467,569] [390761,390863]	+G_G_U_C
[385,466] [390482,390563]	+G_G_U_C
[337,384] [390351,390398]	+G_G_U_C
[123,336] [390036,390249]	+G_G_U_C
[0,122] [389820,389942]	
#AT1G02100.3	320
[1099,1334] [392575,392810]	+G_G_U_C
[977,1098] [392373,392494]	+G_G_U_C
[935,976] [392258,392299]	-G_G_U_C
[886,938] [392020,392072]	+G_G_U_C
[821,885] [391651,391715]	+G_G_U_C
[737,820] [391457,391540]	+G_G_U_C
[689,736] [391215,391262]	+G_G_U_C
[568,688] [391002,391122]	+G_G_U_C
[465,567] [390761,390863]	+G_G_U_C
[383,464] [390482,390563]	+G_G_U_C
[335,382] [390351,390398]	+G_G_U_C
[121,334] [390036,390249]	+G_G_U_C
[0,120] [389822,389942]	
#AT1G02100.1	321
[976,1418] [392373,392815]	+G_G_U_C
[934,975] [392258,392299]	-G_G_U_C
[885,937] [392020,392072]	+G_G_U_C
[820,884] [391651,391715]	+G_G_U_C
[736,819] [391457,391540]	+G_G_U_C
[688,735] [391215,391262]	+G_G_U_C
[567,687] [391002,391122]	+G_G_U_C
[464,566] [390761,390863]	+G_G_U_C
[382,463] [390482,390563]	+G_G_U_C
[334,381] [390351,390398]	+G_G_U_C
[120,333] [390036,390249]	+G_G_U_C
[0,119] [389823,389942]	
#AT1G02120.1	322
[1560,1973] [399483,399896]	+G_G_U_C
[1348,1559] [399181,399392]	+G_G_U_C
[1305,1347] [399067,399109]	+G_G_U_C
[1243,1304] [398904,398965]	+G_G_U_C
[1143,1242] [398613,398712]	+G_G_U_C
[1076,1142] [398459,398525]	+G_G_U_C
[1021,1075] [398291,398345]	+G_G_U_C
[934,1020] [398064,398150]	+G_G_U_C
[846,933] [397876,397963]	+G_G_U_C
[805,845] [397702,397742]	+K_C_G_I
[647,804] [396940,397097]	+G_G_U_C
[576,646] [396792,396862]	+G_G_U_C
[459,575] [396608,396724]	+G_G_U_C
[363,458] [396438,396533]	+G_G_U_C
[297,362] [396290,396355]	+G_G_U_C
[246,296] [396166,396216]	+K_C_G_I
[186,245] [396028,396087]	+G_G_U_C
[0,185] [395760,395945]	
#AT1G01770.1	556
[2319,2361] [282848,282890]	+G_G_U_C
[2036,2318] [282483,282765]	+G_G_U_C
[1605,2035] [281758,282188]	+G_G_U_C
[1506,1604] [281437,281535]	+G_G_U_C
[1466,1505] [281308,281347]	+G_G_U_C
[1233,1465] [280888,281120]	+G_G_U_C
[1152,1232] [280656,280736]	+G_G_U_C
[1032,1151] [280448,280567]	+G_G_U_C
[841,1031] [280179,280369]	+G_G_U_C
[726,840] [279973,280087]	+G_G_U_C
[612,725] [279796,279909]	+G_G_U_C
[571,611] [279535,279575]	+G_G_U_C
[472,570] [279326,279424]	+K_C_G_I
[397,471] [279165,279239]	+G_G_U_C
[195,396] [278886,279087]	+G_G_U_C
[0,194] [278614,278808]	
#AT1G01780.1	557
[495,764] [283812,284081]	+G_G_U_C
[405,494] [283443,283532]	+G_G_U_C
[382,404] [283313,283335]	+G_G_U_C
[282,381] [283131,283230]	+G_G_U_C
[0,281] [282771,283052]	
#AT1G01750.1	558
[431,768] [275972,276309]	+G_G_U_C
[165,430] [275631,275896]	+G_G_U_C
[0,164] [275365,275529]	
#AT1G01790.1	559
[2042,2384] [290746,291088]	+G_G_U_C
[1967,2041] [290577,290651]	+G_G_U_C
[1910,1966] [290438,290494]	+G_G_U_C
[1733,1909] [290169,290345]	+G_G_U_C
[1666,1732] [290027,290093]	+G_G_U_C
[1607,1665] [289717,289775]	+G_G_U_C
[1553,1606] [289538,289591]	+G_G_U_C
[1403,1552] [289236,289385]	+G_G_U_C
[1193,1402] [288881,289090]	+G_G_U_C
[1064,1192] [288592,288720]	+G_G_U_C
[959,1063] [288400,288504]	+K_C_G_I
[869,958] [288086,288175]	+G_G_U_C
[803,868] [287788,287853]	+G_G_U_C
[734,802] [287641,287709]	+G_G_U_C
[614,733] [287394,287513]	+G_G_U_C
[554,613] [287220,287279]	+G_G_U_C
[417,553] [286996,287132]	+G_G_U_C
[326,416] [286716,286806]	+G_G_U_C
[154,325] [286451,286622]	+G_G_U_C
[0,153] [286197,286350]	
#AT1G01730.1	564
[378,858] [271540,272020]	+K_C_G_I
[323,377] [271378,271432]	+G_G_U_C
[0,322] [270966,271288]	
#AT1G01800.1	567
[564,1093] [294510,295039]	+G_G_U_C
[387,563] [294209,294385]	+G_G_U_C
[320,386] [294053,294119]	-G_G_U_C
[68,321] [293499,293752]	+G_G_U_C
[0,67] [293341,293408]	
#AT1G01810.1	573
[0,482] [295241,295723]	
#AT1G01710.1	592
[2397,2491] [267676,267770]	+G_G_U_C
[2101,2396] [267281,267576]	+G_G_U_C
[1328,2100] [265951,266723]	+G_G_U_C
[1259,1327] [265776,265844]	+G_G_U_C
[1210,1258] [265577,265625]	+G_G_U_C
[1108,1209] [265335,265436]	+G_G_U_C
[1051,1107] [265020,265076]	+G_G_U_C
[946,1050] [264796,264900]	+G_G_U_C
[890,945] [264656,264711]	+G_G_U_C
[827,889] [264519,264581]	+G_G_U_C
[714,826] [264279,264391]	+K_C_G_I
[626,713] [264072,264159]	+G_G_U_C
[548,625] [263856,263933]	+K_C_G_I
[422,547] [263644,263769]	+G_G_U_C
[375,421] [263525,263571]	+G_G_U_C
[299,374] [263368,263443]	+G_G_U_C
[231,298] [263231,263298]	+G_G_U_C
[138,230] [263046,263138]	+G_G_U_C
[0,137] [262827,262964]	
#AT1G01690.1	594
[2237,2320] [259010,259093]	+G_G_U_C
[2001,2236] [257224,257459]	+G_G_U_C
[1830,2000] [254209,254379]	+G_G_U_C
[1698,1829] [253530,253661]	+G_G_U_C
[1264,1697] [253023,253456]	+K_C_G_I
[1191,1263] [252120,252192]	+G_G_U_C
[1106,1190] [251921,252005]	+G_G_U_C
[1064,1105] [251398,251439]	+G_G_U_C
[1007,1063] [251259,251315]	+G_G_U_C
[923,1006] [251100,251183]	+G_G_U_C
[860,922] [251003,251065]	+G_G_U_C
[665,859] [250668,250862]	+G_G_U_C
[612,664] [250535,250587]	+K_C_G_I
[474,611] [250013,250150]	+K_C_G_I
[317,473] [249773,249929]	+G_G_U_C
[166,316] [249542,249692]	+G_G_U_C
[0,165] [249140,249305]	
#AT1G01720.1	596
[579,1315] [269082,269818]	+G_G_U_C
[301,578] [268716,268993]	+G_G_U_C
[0,300] [268329,268629]	
#AT1G01940.1	660
[454,735] [324635,324916]	+G_G_U_C
[295,453] [324257,324415]	+G_G_U_C
[133,294] [323678,323839]	+G_G_U_C
[58,132] [323207,323281]	+G_G_U_C
[0,57] [323026,323083]	
#AT1G01920.1	665
[1600,1865] [319371,319636]	+G_G_U_C
[1507,1599] [319203,319295]	+G_G_U_C
[1391,1506] [318985,319100]	+G_G_U_C
[1142,1390] [318564,318812]	+G_G_U_C
[1004,1141] [318295,318432]	+G_G_U_C
[947,1003] [318144,318200]	+G_G_U_C
[885,946] [317978,318039]	+G_G_U_C
[804,884] [317764,317844]	+G_G_U_C
[722,803] [317560,317641]	+G_G_U_C
[559,721] [317293,317455]	+G_G_U_C
[532,558] [317166,317192]	+G_G_U_C
[449,531] [317007,317089]	+G_G_U_C
[343,448] [316791,316896]	+G_G_U_C
[168,342] [316538,316712]	+G_G_U_C
[71,167] [316343,316439]	+G_G_U_C
[0,70] [316186,316256]	
#AT1G01920.2	666
[1584,1849] [319371,319636]	+G_G_U_C
[1491,1583] [319203,319295]	+G_G_U_C
[1375,1490] [318985,319100]	+G_G_U_C
[1126,1374] [318564,318812]	+G_G_U_C
[1054,1125] [318361,318432]	+G_G_U_C
[997,1053] [318144,318200]	+G_G_U_C
[935,996] [317978,318039]	+G_G_U_C
[854,934] [317764,317844]	+G_G_U_C
[762,853] [317550,317641]	-G_G_U_C
[618,763] [317293,317438]	+G_G_U_C
[591,617] [317166,317192]	+G_G_U_C
[508,590] [317007,317089]	+G_G_U_C
[402,507] [316791,316896]	+G_G_U_C
[227,401] [316538,316712]	+G_G_U_C
[130,226] [316343,316439]	+G_G_U_C
[0,129] [316127,316256]	
#AT1G01900.1	670
[664,2457] [311336,313129]	+G_G_U_C
[0,663] [310317,310980]	
#AT1G01840.1	671
[0,821] [303536,304357]	
#AT1G02205.1	922
[1570,2273] [421734,422437]	+G_G_U_C
[1462,1569] [421525,421632]	+G_G_U_C
[1261,1461] [421190,421390]	+G_G_U_C
[1153,1260] [420983,421090]	+G_G_U_C
[777,1152] [420513,420888]	+K_C_G_I
[557,776] [419674,419893]	+K_C_G_I
[324,556] [419296,419528]	+G_G_U_C
[100,323] [418986,419209]	+G_G_U_C
[0,99] [418777,418876]	
#AT1G02205.2	923
[1744,2201] [421980,422437]	+G_G_U_C
[1570,1743] [421734,421907]	+G_G_U_C
[1462,1569] [421525,421632]	+G_G_U_C
[1261,1461] [421190,421390]	+G_G_U_C
[1153,1260] [420983,421090]	+G_G_U_C
[777,1152] [420513,420888]	+K_C_G_I
[557,776] [419674,419893]	+K_C_G_I
[324,556] [419296,419528]	+G_G_U_C
[100,323] [418986,419209]	+G_G_U_C
[0,99] [418777,418876]	
#AT1G02620.1	1387
[16,686] [557315,557985]	
#AT1G02580.1	1403
[1903,2290] [548814,549201]	+G_G_U_C
[1825,1902] [548524,548601]	+G_G_U_C
[1696,1824] [548310,548438]	+G_G_U_C
[1648,1695] [548133,548180]	+G_G_U_C
[1566,1647] [547969,548050]	+G_G_U_C
[1434,1565] [547747,547878]	+G_G_U_C
[1225,1433] [547462,547670]	+G_G_U_C
[1098,1224] [547247,547373]	+G_G_U_C
[949,1097] [547023,547171]	+G_G_U_C
[880,948] [546870,546938]	+K_C_G_I
[832,879] [546726,546773]	+G_G_U_C
[706,831] [546511,546636]	+G_G_U_C
[618,705] [546312,546399]	+G_G_U_C
[442,617] [546059,546234]	-G_G_U_C
[112,443] [545631,545962]	+G_G_U_C
[22,111] [544972,545061]	+G_G_U_C
[0,21] [544782,544803]	
#AT1G02550.1	1418
[0,728] [536482,537210]	
#AT1G02560.1	1419
[814,1312] [539610,540108]	+G_G_U_C
[725,813] [539390,539478]	+G_G_U_C
[690,724] [539254,539288]	+G_G_U_C
[617,689] [538935,539007]	+G_G_U_C
[571,616] [538807,538852]	+G_G_U_C
[478,570] [538626,538718]	+K_C_G_I
[363,477] [538418,538532]	+G_G_U_C
[243,362] [538208,538327]	+G_G_U_C
[0,242] [537887,538129]	
#AT1G02570.1	1420
[651,1295] [543338,543982]	+G_G_U_C
[413,650] [541855,542092]	+G_G_U_C
[0,412] [541379,541791]	
#AT1G02530.1	1423
[3509,3996] [534188,534675]	+G_G_U_C
[3209,3508] [533807,534106]	+G_G_U_C
[2945,3208] [533452,533715]	+G_G_U_C
[2678,2944] [533078,533344]	+G_G_U_C
[997,2677] [531324,533004]	+G_G_U_C
[758,996] [530979,531217]	+G_G_U_C
[536,757] [530680,530901]	+G_G_U_C
[360,535] [530402,530577]	+K_C_G_I
[305,359] [530181,530235]	+G_G_U_C
[0,304] [529794,530098]	
#AT1G02530.1	1423
[3509,3863] [528391,528745]	+G_A_P_S
[3209,3508] [528009,528308]	+G_A_P_S
[2945,3208] [527657,527920]	+G_A_P_S
[2678,2944] [527310,527576]	+G_A_P_S
[997,2677] [525545,527201]	+G_A_P_S
[758,996] [525223,525461]	+G_A_P_S
[536,757] [524916,525137]	+G_A_P_S
[461,535] [524762,524836]	-G_A_P_S
[103,306] [524234,524437]	+G_A_P_S
[60,102] [524152,524193]	
#AT1G02680.1	1462
[376,791] [581814,582229]	+G_G_U_C
[301,375] [581643,581717]	+G_G_U_C
[241,300] [581496,581555]	+K_C_G_I
[203,240] [581277,581314]	+K_C_G_I
[86,202] [581069,581185]	+G_G_U_C
[0,85] [580659,580744]	
#AT1G02690.1	1463
[1366,1936] [586648,587218]	+G_G_U_C
[1238,1365] [586438,586565]	+G_G_U_C
[1109,1237] [586191,586319]	+G_G_U_C
[1030,1108] [586022,586100]	+K_C_G_I
[866,1029] [585778,585941]	+G_G_U_C
[680,865] [585499,585684]	+G_G_U_C
[548,679] [585236,585367]	+G_G_U_C
[456,547] [585052,585143]	+G_G_U_C
[359,455] [584859,584955]	+K_C_G_I
[0,358] [584259,584617]	
#AT1G02690.2	1464
[1369,1939] [586648,587218]	+G_G_U_C
[1241,1368] [586438,586565]	+G_G_U_C
[1112,1240] [586191,586319]	+G_G_U_C
[1033,1111] [586022,586100]	+K_C_G_I
[866,1032] [585775,585941]	+G_G_U_C
[680,865] [585499,585684]	+G_G_U_C
[548,679] [585236,585367]	+G_G_U_C
[456,547] [585052,585143]	+G_G_U_C
[359,455] [584859,584955]	+K_C_G_I
[0,358] [584259,584617]	
#AT1G02700.1	1465
[212,1029] [588662,589479]	+G_G_U_C
[0,211] [588328,588539]	
#AT1G02670.1	1466
[1964,2036] [580226,580298]	+G_G_U_C
[1883,1963] [580049,580129]	+G_G_U_C
[1794,1882] [579878,579966]	+G_G_U_C
[1641,1793] [579646,579798]	+G_G_U_C
[1536,1640] [579420,579524]	+G_G_U_C
[1419,1535] [579195,579311]	+G_G_U_C
[1296,1418] [578894,579016]	+G_G_U_C
[1226,1295] [578721,578790]	+G_G_U_C
[1151,1225] [578545,578619]	+G_G_U_C
[1087,1150] [578180,578243]	+G_G_U_C
[986,1086] [577978,578078]	+K_C_G_I
[828,985] [577783,577940]	+G_G_U_C
[229,827] [576993,577591]	+G_G_U_C
[166,228] [576849,576911]	+G_G_U_C
[100,165] [576547,576612]	+G_G_U_C
[0,99] [576045,576144]	
#AT1G02650.1	1469
[428,1541] [569304,570417]	+G_G_U_C
[36,427] [568831,569222]	+G_G_U_C
[0,35] [568703,568738]	
#AT1G02640.1	1472
[1040,2583] [566225,567768]	+G_G_U_C
[942,1039] [566042,566139]	+G_G_U_C
[772,941] [565783,565952]	+G_G_U_C
[493,771] [565432,565710]	+G_G_U_C
[0,492] [564204,564696]	
#AT1G02720.1	1475
[1404,1774] [593865,594235]	+G_G_U_C
[0,1403] [591825,593228]	
#AT1G02720.2	1476
[0,1463] [591825,593288]	
#AT1G02300.1	1510
[1005,1226] [455241,455462]	+G_G_U_C
[969,1004] [455111,455146]	+G_G_U_C
[855,968] [454926,455039]	+G_G_U_C
[636,854] [454621,454839]	+G_G_U_C
[510,635] [454414,454539]	+G_G_U_C
[370,509] [454196,454335]	+G_G_U_C
[213,369] [453906,454062]	+G_G_U_C
[132,212] [453729,453809]	+G_G_U_C
[78,131] [453593,453646]	+G_G_U_C
[0,77] [453287,453364]	
#AT1G02410.1	1563
[856,1111] [492606,492861]	+G_G_U_C
[775,855] [492442,492522]	+G_G_U_C
[670,774] [492247,492351]	+G_G_U_C
[597,669] [492085,492157]	+G_G_U_C
[544,596] [491906,491958]	+G_G_U_C
[228,543] [491487,491802]	+G_G_U_C
[82,227] [491233,491378]	+K_C_G_I
[0,81] [490924,491005]	
#AT1G02420.1	1564
[0,1475] [493682,495157]	
#AT1G02500.1	1571
[128,1529] [519035,520436]	+G_G_U_C
[0,127] [518250,518377]	
#AT1G02500.2	1572
[125,1529] [519032,520436]	+G_G_U_C
[0,124] [518253,518377]	
#AT1G02520.1	1574
[3483,3836] [528391,528744]	+G_G_U_C
[3183,3482] [528009,528308]	+G_G_U_C
[2919,3182] [527657,527920]	+G_G_U_C
[2652,2918] [527310,527576]	+G_G_U_C
[995,2651] [525545,527201]	+G_G_U_C
[756,994] [525223,525461]	+G_G_U_C
[534,755] [524916,525137]	+G_G_U_C
[358,533] [524661,524836]	+K_C_G_I
[303,357] [524520,524574]	+G_G_U_C
[0,302] [524133,524435]	
#AT1G02490.1	1575
[0,116] [516617,516733]	
#AT1G02400.1	1583
[906,1337] [489145,489576]	+G_G_U_C
[563,905] [488719,489061]	+G_G_U_C
[0,562] [486801,487363]	
#AT1G02390.1	1584
[768,1790] [482269,483291]	+G_G_U_C
[0,767] [480851,481618]	
#AT1G02380.1	1585
[1160,1341] [478789,478970]	+G_G_U_C
[206,1159] [477715,478668]	+G_G_U_C
[0,205] [476999,477204]	
#AT1G02350.1	1587
[303,422] [470573,470692]	+G_G_U_C
[191,302] [470370,470481]	+G_G_U_C
[154,190] [470251,470287]	+G_G_U_C
[0,153] [469817,469970]	
#AT1G02305.1	1592
[992,1276] [457839,458123]	+G_G_U_C
[956,991] [457715,457750]	+G_G_U_C
[842,955] [457513,457626]	+G_G_U_C
[623,841] [457210,457428]	+G_G_U_C
[497,622] [457009,457134]	+G_G_U_C
[422,496] [456842,456916]	+G_A_P_S
[260,421] [456489,456649]	+G_G_U_C
[179,259] [456313,456393]	+G_G_U_C
[125,178] [456177,456230]	+G_G_U_C
[0,124] [455777,455901]	
#AT1G02320.1	1595
[0,146] [461827,461973]	
#AT1G02370.1	1600
[388,1757] [475141,476510]	+G_G_U_C
[0,387] [474499,474886]	
#AT1G35143.1	2764
[0,125] [18110,18236]	
#AT1G01460.1	3070
[1137,1451] [170850,171164]	+G_G_U_C
[998,1136] [170621,170759]	+K_C_G_I
[902,997] [170411,170506]	+G_G_U_C
[854,901] [170265,170312]	+G_G_U_C
[762,853] [170070,170161]	+G_G_U_C
[574,761] [169805,169992]	+G_G_U_C
[463,573] [169599,169709]	+G_G_U_C
[300,462] [169346,169508]	+G_G_U_C
[79,299] [169036,169256]	+G_G_U_C
[0,78] [168722,168800]	
#AT1G01410.1	3081
[0,1085] [153112,154197]	
#AT1G01380.1	3097
[155,446] [147643,147934]	+G_G_U_C
[67,154] [147451,147538]	+G_G_U_C
[0,66] [147266,147332]	
#AT1G01370.1	3100
[603,908] [145344,145649]	+K_C_G_I
[527,602] [145131,145206]	+G_G_U_C
[449,526] [144926,145003]	+G_G_U_C
[336,448] [144446,144558]	+G_G_U_C
[299,335] [144314,144350]	+G_G_U_C
[264,298] [144192,144226]	+K_C_G_I
[218,263] [144063,144108]	+G_G_U_C
[174,217] [143933,143976]	+G_G_U_C
[113,173] [143763,143823]	+G_G_U_C
[0,112] [143563,143675]	
#AT1G01370.2	3101
[537,876] [145344,145683]	+K_C_G_I
[461,536] [145131,145206]	+G_G_U_C
[383,460] [144926,145003]	+G_G_U_C
[270,382] [144446,144558]	+G_G_U_C
[233,269] [144314,144350]	+G_G_U_C
[198,232] [144192,144226]	+K_C_G_I
[152,197] [144063,144108]	+G_G_U_C
[108,151] [143933,143976]	+G_G_U_C
[0,107] [143716,143823]	
#AT1G01350.1	3105
[1680,1760] [139487,139567]	+K_C_G_I
[1537,1679] [139202,139344]	+G_G_U_C
[1285,1536] [138862,139113]	+G_G_U_C
[1028,1284] [138521,138777]	+G_G_U_C
[909,1027] [137847,137965]	+G_G_U_C
[85,908] [136934,137757]	+G_G_U_C
[0,84] [136731,136815]	
#AT1G01360.1	3107
[474,940] [142710,143176]	+G_G_U_C
[258,473] [142423,142638]	+G_G_U_C
[0,257] [142023,142280]	
#AT1G01480.1	3111
[544,1919] [177024,178399]	+K_C_G_I
[383,543] [176591,176751]	+G_G_U_C
[251,382] [176206,176337]	+G_G_U_C
[0,250] [175781,176031]	
#AT1G01480.2	3112
[359,1734] [177024,178399]	+K_C_G_I
[198,358] [176591,176751]	+G_G_U_C
[0,197] [176140,176337]	
#AT1G01630.1	3119
[800,1158] [230558,230916]	+G_G_U_C
[689,799] [230348,230458]	+G_G_U_C
[583,688] [229828,229933]	+G_G_U_C
[287,582] [229428,229723]	+G_G_U_C
[0,286] [229056,229342]	
#AT1G01600.1	3120
[491,2025] [219751,221285]	+G_G_U_C
[0,490] [219130,219620]	
#AT1G01590.1	3124
[1975,2114] [217164,217303]	+K_C_G_I
[1298,1974] [216413,217089]	+G_G_U_C
[1048,1297] [216043,216292]	+K_C_G_I
[720,1047] [215632,215959]	+G_G_U_C
[482,719] [215316,215553]	+K_C_G_I
[281,481] [214696,214896]	+G_G_U_C
[178,280] [214479,214581]	+G_G_U_C
[0,177] [214228,214405]	
#AT1G01580.1	3139
[2038,2408] [212670,213040]	+K_C_G_I
[1319,2037] [211854,212572]	+G_G_U_C
[1075,1318] [211473,211716]	+K_C_G_I
[747,1074] [211051,211378]	+G_G_U_C
[512,746] [210384,210618]	+G_G_U_C
[317,511] [209949,210143]	+G_G_U_C
[214,316] [209763,209865]	+G_G_U_C
[0,213] [209394,209607]	
#AT1G01570.1	3140
[1326,1436] [207324,207434]	+G_G_U_C
[774,1325] [206691,207242]	+G_G_U_C
[0,773] [205175,205948]	
#AT1G01560.1	3141
[510,1578] [203266,204334]	+G_G_U_C
[372,509] [202990,203127]	+G_G_U_C
[242,371] [202781,202910]	+G_G_U_C
[0,241] [202266,202507]	
#AT1G01520.1	3147
[831,863] [192106,192138]	+K_C_G_I
[771,830] [191966,192025]	+G_G_U_C
[661,770] [191779,191888]	+G_G_U_C
[547,660] [191578,191691]	+G_G_U_C
[412,546] [191340,191474]	+K_C_G_I
[291,411] [191137,191257]	+G_G_U_C
[233,290] [190940,190997]	+K_C_G_I
[0,232] [190595,190827]	
#AT1G01500.1	3148
[877,1460] [186339,186922]	+G_G_U_C
[0,876] [185132,186008]	
#AT1G01510.1	3152
[1863,2154] [189764,190055]	+G_G_U_C
[1749,1862] [189561,189674]	+G_G_U_C
[1701,1748] [189416,189463]	+G_G_U_C
[909,1700] [188528,189319]	+G_G_U_C
[778,908] [188283,188413]	+G_G_U_C
[612,777] [188010,188175]	+G_G_U_C
[0,611] [187210,187821]	
#AT1G01550.1	3158
[171,1435] [200510,201774]	+G_G_U_C
[101,170] [199889,199958]	+G_G_U_C
[0,100] [199662,199762]	
#AT1G01550.2	3159
[168,1432] [200510,201774]	+G_G_U_C
[0,167] [199791,199958]	
#AT1G01540.1	3162
[1539,1907] [198266,198634]	+G_G_U_C
[1130,1538] [197774,198182]	+G_G_U_C
[959,1129] [197500,197670]	+G_G_U_C
[836,958] [197299,197421]	+G_G_U_C
[731,835] [197114,197218]	+G_G_U_C
[0,730] [195811,196541]	
#AT1G01540.2	3163
[1502,1876] [198266,198640]	+G_G_U_C
[1292,1501] [197973,198182]	+G_G_U_C
[1162,1291] [197774,197903]	+G_G_U_C
[991,1161] [197500,197670]	+G_G_U_C
[868,990] [197299,197421]	+G_G_U_C
[763,867] [197114,197218]	+G_G_U_C
[0,762] [195779,196541]	
#AT1G01110.1	3198
[456,1438] [53702,54684]	+G_G_U_C
[315,455] [53483,53623]	+G_G_U_C
[0,314] [52868,53182]	
#AT1G01040.1	3225
[5925,6187] [30901,31163]	+G_G_U_C
[5518,5924] [30409,30815]	+G_G_U_C
[5353,5517] [30146,30310]	+G_G_U_C
[4447,5352] [29159,30064]	+G_G_U_C
[4256,4446] [28889,29079]	+G_G_U_C
[4158,4255] [28707,28804]	+G_G_U_C
[3529,4157] [27802,28430]	+G_G_U_C
[3433,3528] [27617,27712]	+G_G_U_C
[3271,3432] [27371,27532]	+G_G_U_C
[3088,3270] [27098,27280]	+G_G_U_C
[2937,3087] [26861,27011]	+G_G_U_C
[2703,2936] [26542,26775]	+G_G_U_C
[2542,2702] [26291,26451]	+G_G_U_C
[2419,2541] [26080,26202]	+G_G_U_C
[2246,2418] [25824,25996]	+G_G_U_C
[2026,2245] [25523,25742]	+G_G_U_C
[1631,2025] [25040,25434]	+G_G_U_C
[1420,1630] [24751,24961]	+G_G_U_C
[1306,1419] [24541,24654]	+G_G_U_C
[0,1305] [23145,24450]	
#AT1G01010.1	3236
[1227,1687] [5438,5898]	+G_G_U_C
[1074,1226] [5173,5325]	+G_G_U_C
[684,1073] [4705,5094]	+G_G_U_C
[564,683] [4485,4604]	+G_G_U_C
[283,563] [3995,4275]	+K_C_G_I
[0,282] [3630,3912]	
#AT1G01230.1	3247
[479,811] [98907,99239]	+G_G_U_C
[330,478] [98456,98604]	+G_G_U_C
[0,329] [97475,97804]	
#AT1G01225.1	3248
[171,1024] [96553,97406]	+G_G_U_C
[0,170] [95986,96156]	
#AT1G01240.1	3258
[110,1287] [100656,101833]	+G_G_U_C
[0,109] [99921,100030]	
#AT1G01240.2	3259
[190,1367] [100656,101833]	+G_G_U_C
[0,189] [100030,100219]	
#AT1G01240.3	3260
[0,1940] [99893,101833]	
#AT1G01290.1	3262
[148,1078] [114618,115548]	+G_G_U_C
[0,147] [114285,114432]	
#AT1G01300.1	3263
[0,1821] [116942,118763]	
#AT1G01310.1	3264
[0,976] [120153,121129]	
#AT1G01280.1	3267
[933,1601] [113278,113946]	+G_G_U_C
[0,932] [112262,113194]	
#AT1G01260.1	3268
[0,2577] [109031,111608]	
#AT1G01210.1	3296
[275,615] [89404,89744]	+G_G_U_C
[184,274] [89172,89262]	+G_G_U_C
[0,183] [88897,89080]	
#AT1G01220.1	3297
[2775,3167] [95159,95551]	+G_G_U_C
[2056,2774] [94356,95074]	+G_G_U_C
[1045,2055] [93270,94280]	+K_C_G_I
[918,1044] [93044,93170]	+G_G_U_C
[553,917] [92568,92932]	+G_G_U_C
[321,552] [92269,92500]	+G_G_U_C
[0,320] [91749,92069]	
#AT1G01160.1	3303
[752,1026] [73821,74095]	+G_G_U_C
[499,751] [73487,73739]	+G_G_U_C
[390,498] [73286,73394]	+G_G_U_C
[313,389] [73086,73162]	+G_G_U_C
[0,312] [72356,72668]	
#AT1G01180.1	3306
[1303,1436] [77312,77445]	+K_C_G_I
[1053,1302] [77030,77279]	+G_G_U_C
[915,1052] [76813,76950]	+G_G_U_C
[0,914] [75632,76546]	
#AT1G60580.1	4791
[2,70] [1159023,1159091]	
#AT1G06880.1	4792
[2,70] [1159023,1159091]	
#AT1G04320.1	4793
[0,70] [1159021,1159091]	
#AT1G06860.1	4797
[2,70] [1159023,1159091]	
#AT1G60820.1	4800
[2,70] [1159023,1159091]	
#AT1G60910.1	4801
[2,70] [1159023,1159093]	
#AT1G02600.1	4805
[0,71] [552639,552710]	
#AT1G07760.1	4809
[0,71] [552639,552710]	
#AT1G60840.1	4810
[2,70] [1159023,1159091]	
#AT1G02760.1	4965
[0,72] [604401,604473]	
#AT1G16100.1	4966
[0,72] [604401,604473]	
#AT1G20250.1	4967
[0,72] [604401,604473]	
#AT1G01890.1	4968
[0,72] [604401,604473]	
#AT1G48080.1	4969
[0,72] [604401,604473]	
#AT1G76000.1	4970
[0,71] [877648,877719]	
#AT1G73900.1	4971
[0,71] [877648,877719]	
#AT1G68950.1	4972
[0,72] [515493,515565]	
#AT1G49020.1	4973
[0,71] [877648,877719]	
#AT1G68970.1	4974
[0,72] [515493,515565]	
#AT1G75070.1	4975
[0,71] [877648,877719]	
#AT1G43820.1	4976
[0,71] [877648,877719]	
#AT1G01870.1	4987
[0,72] [306383,306455]	
#AT1G03640.1	4991
[0,72] [515493,515565]	
#AT1G20210.1	4992
[0,71] [877648,877719]	
#AT1G18430.1	5007
[0,71] [877648,877719]	
#AT1G02480.1	5008
[0,72] [515493,515565]	
#AT1G17660.1	5011
[0,71] [877648,877719]	
#AT1G03515.1	5013
[0,71] [877648,877719]	
#AT1G03502.1	5026
[0,113] [1008940,1009053]	
#AT1G03506.1	5034
[0,86] [1008808,1008894]	
#AT1G03935.1	5043
[0,86] [1008808,1008894]	
#AT1G03570.1	5062
[0,71] [892513,892584]	
#AT1G02840.1	6095
[1001,1240] [629579,629818]	+G_G_U_C
[924,1000] [629417,629493]	+G_G_U_C
[890,923] [629287,629320]	+G_G_U_C
[666,889] [628245,628468]	+G_G_U_C
[609,665] [628111,628167]	+G_G_U_C
[559,608] [627969,628018]	+G_G_U_C
[501,558] [627834,627891]	+G_G_U_C
[454,500] [627700,627746]	+G_G_U_C
[321,453] [627481,627613]	+G_G_U_C
[246,320] [627307,627381]	+G_G_U_C
[180,245] [627099,627164]	+G_G_U_C
[88,179] [626912,627003]	+G_G_U_C
[0,87] [626740,626827]	
#AT1G02840.2	6096
[1315,1554] [629579,629818]	+G_G_U_C
[1238,1314] [629417,629493]	+G_G_U_C
[851,1237] [628934,629320]	+G_G_U_C
[627,850] [628245,628468]	+G_G_U_C
[570,626] [628111,628167]	+G_G_U_C
[520,569] [627969,628018]	+G_G_U_C
[462,519] [627834,627891]	+G_G_U_C
[415,461] [627700,627746]	+G_G_U_C
[282,414] [627481,627613]	+G_G_U_C
[207,281] [627307,627381]	+G_G_U_C
[141,206] [627099,627164]	+G_G_U_C
[49,140] [626912,627003]	+G_G_U_C
[0,48] [626779,626827]	
#AT1G02840.3	6097
[997,1236] [629579,629818]	+G_G_U_C
[920,996] [629417,629493]	+G_G_U_C
[886,919] [629287,629320]	+G_G_U_C
[662,885] [628245,628468]	+G_G_U_C
[605,661] [628111,628167]	+G_G_U_C
[555,604] [627969,628018]	+G_G_U_C
[497,554] [627834,627891]	+G_G_U_C
[450,496] [627700,627746]	+G_G_U_C
[317,449] [627481,627613]	+G_G_U_C
[242,316] [627307,627381]	+G_G_U_C
[176,241] [627099,627164]	+G_G_U_C
[88,175] [626916,627003]	+G_G_U_C
[0,87] [626740,626827]	
#AT1G02850.1	6098
[1268,1643] [632883,633258]	+G_G_U_C
[1177,1267] [632715,632805]	+G_G_U_C
[1089,1176] [632527,632614]	+G_G_U_C
[1060,1088] [632420,632448]	+K_C_G_I
[839,1059] [632127,632347]	+G_G_U_C
[804,838] [632008,632042]	+G_G_U_C
[548,803] [631602,631857]	+G_G_U_C
[460,547] [631430,631517]	+G_G_U_C
[388,459] [631264,631335]	+G_G_U_C
[312,387] [631103,631178]	+G_G_U_C
[256,311] [630977,631032]	+G_G_U_C
[192,255] [630831,630894]	+G_G_U_C
[0,191] [630511,630702]	
#AT1G02850.3	6099
[1277,1652] [632883,633258]	+G_G_U_C
[1186,1276] [632715,632805]	+G_G_U_C
[1098,1185] [632527,632614]	+G_G_U_C
[1069,1097] [632420,632448]	+K_C_G_I
[848,1068] [632127,632347]	+G_G_U_C
[804,847] [631999,632042]	+G_G_U_C
[548,803] [631602,631857]	+G_G_U_C
[460,547] [631430,631517]	+G_G_U_C
[388,459] [631264,631335]	+G_G_U_C
[312,387] [631103,631178]	+G_G_U_C
[256,311] [630977,631032]	+G_G_U_C
[192,255] [630831,630894]	+G_G_U_C
[0,191] [630511,630702]	
#AT1G02850.2	6100
[1349,1727] [632880,633258]	+G_G_U_C
[1258,1348] [632715,632805]	+G_G_U_C
[1170,1257] [632527,632614]	+G_G_U_C
[1141,1169] [632420,632448]	+K_C_G_I
[920,1140] [632127,632347]	+G_G_U_C
[804,919] [631927,632042]	+G_G_U_C
[548,803] [631602,631857]	+G_G_U_C
[460,547] [631430,631517]	+G_G_U_C
[388,459] [631264,631335]	+G_G_U_C
[312,387] [631103,631178]	+G_G_U_C
[256,311] [630977,631032]	+G_G_U_C
[192,255] [630831,630894]	+G_G_U_C
[0,191] [630511,630702]	
#AT1G02860.1	6115
[1232,1516] [636977,637261]	+G_G_U_C
[1173,1231] [636827,636885]	+G_G_U_C
[1035,1172] [636591,636728]	+G_G_U_C
[756,1034] [636080,636358]	+G_G_U_C
[508,755] [635738,635985]	+G_G_U_C
[0,507] [635143,635650]	
#AT1G02813.1	6139
[0,611] [620677,621288]	
#AT1G02816.1	6141
[0,1008] [621460,622468]	
#AT1G02810.1	6146
[1059,1900] [619638,620479]	+G_G_U_C
[0,1058] [618269,619327]	
#AT1G03010.1	6156
[1603,2098] [695886,696381]	+G_G_U_C
[1356,1602] [695546,695792]	+G_G_U_C
[159,1355] [694279,695475]	+G_G_U_C
[92,158] [694116,694182]	+G_G_U_C
[0,91] [693479,693570]	
#AT1G03030.1	6159
[951,1333] [703481,703863]	+G_G_U_C
[922,950] [703352,703380]	+G_G_U_C
[860,921] [703194,703255]	+G_G_U_C
[773,859] [703011,703097]	+G_G_U_C
[699,772] [702827,702900]	+G_G_U_C
[640,698] [702678,702736]	+G_G_U_C
[609,639] [702566,702596]	+G_G_U_C
[416,608] [702275,702467]	+K_C_G_I
[338,415] [702105,702182]	+G_G_U_C
[294,337] [701975,702018]	+G_G_U_C
[193,293] [701774,701874]	+G_G_U_C
[0,192] [701488,701680]	
#AT1G02980.1	6161
[2127,2228] [681110,681211]	+G_G_U_C
[1959,2126] [680857,681024]	+G_G_U_C
[1740,1958] [680558,680776]	+G_G_U_C
[1596,1739] [680340,680483]	+G_G_U_C
[1434,1595] [680102,680263]	+G_G_U_C
[1257,1433] [679820,679996]	+G_G_U_C
[1104,1256] [679577,679729]	+G_G_U_C
[981,1103] [679367,679489]	+G_G_U_C
[840,980] [679147,679287]	+G_G_U_C
[750,839] [678970,679059]	+G_G_U_C
[468,749] [678591,678872]	+K_C_G_I
[234,467] [678288,678521]	+G_G_U_C
[134,233] [678093,678192]	+G_G_U_C
[0,133] [677868,678001]	
#AT1G02970.1	6162
[1521,1855] [676043,676377]	+G_G_U_C
[1167,1520] [675591,675944]	+G_G_U_C
[1012,1166] [675339,675493]	+G_G_U_C
[971,1011] [675186,675226]	+G_G_U_C
[861,970] [674967,675076]	+G_G_U_C
[793,860] [674812,674879]	+G_G_U_C
[529,792] [674440,674703]	+G_G_U_C
[462,528] [674098,674164]	+G_G_U_C
[401,461] [673963,674023]	+G_G_U_C
[0,400] [673305,673705]	
#AT1G02750.1	6287
[228,730] [603783,604285]	+G_G_U_C
[82,227] [602979,603124]	+G_G_U_C
[0,81] [602672,602753]	
#AT1G03050.1	6323
[1537,1799] [709597,709859]	+G_G_U_C
[670,1536] [708600,709466]	+G_G_U_C
[464,669] [708303,708508]	+G_G_U_C
[0,463] [707725,708188]	
#AT1G03490.1	6371
[504,761] [872472,872729]	+G_G_U_C
[402,503] [872292,872393]	+K_C_G_I
[0,401] [871874,872275]	
#AT1G03440.1	6378
[0,1666] [852364,854030]	
#AT1G03420.1	6381
[0,892] [846789,847681]	
#AT1G03430.1	6382
[701,1018] [849177,849494]	+K_C_G_I
[628,700] [848996,849068]	+G_G_U_C
[556,627] [848806,848877]	+G_G_U_C
[484,555] [848640,848711]	+G_G_U_C
[353,483] [848365,848495]	+G_G_U_C
[0,352] [847873,848225]	
#AT1G03600.1	6419
[0,779] [898874,899653]	
#AT1G03540.1	6420
[0,1829] [883781,885610]	
#AT1G03110.1	6452
[1028,1563] [751427,751962]	+G_G_U_C
[965,1027] [751294,751356]	-G_G_U_C
[863,966] [751119,751222]	+G_G_U_C
[803,862] [750956,751015]	+G_G_U_C
[724,802] [750795,750873]	+G_G_U_C
[653,723] [750556,750626]	+G_G_U_C
[596,652] [750415,750471]	+G_G_U_C
[415,595] [750117,750297]	+K_C_G_I
[250,414] [749784,749948]	+K_C_G_I
[0,249] [749245,749494]	
#AT1G03120.1	6454
[390,548] [752981,753139]	+G_G_U_C
[0,389] [752270,752659]	
#AT1G03150.1	6458
[480,742] [758349,758611]	+G_G_U_C
[419,479] [758198,758258]	+G_G_U_C
[349,418] [757936,758005]	+K_C_G_I
[216,348] [757553,757685]	+K_C_G_I
[125,215] [756644,756734]	+K_C_G_I
[0,124] [756413,756537]	
#AT1G03160.1	6459
[2534,2935] [765752,766153]	+G_G_U_C
[2418,2533] [765484,765599]	+G_G_U_C
[2187,2417] [765024,765254]	+G_G_U_C
[1954,2186] [764698,764930]	+G_G_U_C
[1513,1953] [764156,764596]	+G_G_U_C
[1426,1512] [763979,764065]	+G_G_U_C
[1294,1425] [763298,763429]	+K_C_G_I
[1096,1293] [763012,763209]	+G_G_U_C
[1027,1095] [762509,762577]	+G_G_U_C
[521,1026] [761885,762390]	+G_G_U_C
[0,520] [761289,761809]	
#AT1G03200.1	6466
[235,439] [781080,781284]	+G_G_U_C
[0,234] [780601,780835]	
#AT1G03180.1	6467
[872,1094] [775121,775343]	+G_G_U_C
[792,871] [774967,775046]	+G_G_U_C
[697,791] [774784,774878]	+G_G_U_C
[648,696] [774651,774699]	+G_G_U_C
[339,647] [774230,774538]	+G_G_U_C
[281,338] [774095,774152]	+G_G_U_C
[0,280] [773410,773690]	
#AT1G03180.2	6468
[1276,1498] [775121,775343]	+G_G_U_C
[1196,1275] [774967,775046]	+G_G_U_C
[1101,1195] [774784,774878]	+G_G_U_C
[1052,1100] [774651,774699]	+G_G_U_C
[743,1051] [774230,774538]	+G_G_U_C
[0,742] [773410,774152]	
#AT1G03170.1	6470
[0,1052] [769631,770683]	
#AT1G03190.1	6472
[2294,2577] [779743,780026]	+G_G_U_C
[2185,2293] [779537,779645]	+G_G_U_C
[2108,2184] [779173,779249]	+G_G_U_C
[2029,2107] [779001,779079]	+G_G_U_C
[1939,2028] [778806,778895]	+G_G_U_C
[1814,1938] [778485,778609]	+G_G_U_C
[1633,1813] [778152,778332]	+G_G_U_C
[1439,1632] [777871,778064]	+G_G_U_C
[1035,1438] [777335,777738]	+G_G_U_C
[952,1034] [777154,777236]	+G_G_U_C
[671,951] [776481,776761]	+G_G_U_C
[123,670] [775807,776354]	+G_G_U_C
[0,122] [775526,775648]	
#AT1G03190.2	6473
[2357,2675] [779743,780061]	+G_G_U_C
[2248,2356] [779537,779645]	+G_G_U_C
[2171,2247] [779173,779249]	+G_G_U_C
[2092,2170] [779001,779079]	+G_G_U_C
[2002,2091] [778806,778895]	+G_G_U_C
[1877,2001] [778485,778609]	+G_G_U_C
[1696,1876] [778152,778332]	+G_G_U_C
[1502,1695] [777871,778064]	+G_G_U_C
[1098,1501] [777335,777738]	+G_G_U_C
[1015,1097] [777154,777236]	+G_G_U_C
[734,1014] [776481,776761]	+G_G_U_C
[0,733] [775621,776354]	
#AT1G03070.1	6483
[540,743] [731175,731378]	+G_G_U_C
[382,539] [730915,731072]	+G_G_U_C
[268,381] [730496,730609]	+G_G_U_C
[0,267] [730147,730414]	
#AT1G03090.2	6484
[2228,2597] [743814,744183]	+G_G_U_C
[2131,2227] [743619,743715]	+G_G_U_C
[1885,2130] [743300,743545]	+G_G_U_C
[1771,1884] [743089,743202]	+G_G_U_C
[1610,1770] [742821,742981]	+G_G_U_C
[1375,1609] [742501,742735]	+G_G_U_C
[1238,1374] [742180,742316]	+G_G_U_C
[1133,1237] [741945,742049]	+G_G_U_C
[1021,1132] [741683,741794]	+G_G_U_C
[928,1020] [741508,741600]	+G_G_U_C
[868,927] [741147,741206]	+G_G_U_C
[772,867] [740969,741064]	+G_G_U_C
[634,771] [740619,740756]	+G_G_U_C
[486,633] [740354,740501]	+G_G_U_C
[364,485] [740123,740244]	+G_G_U_C
[0,363] [739686,740049]	
#AT1G03090.1	6485
[2168,2537] [743814,744183]	+G_G_U_C
[2071,2167] [743619,743715]	+G_G_U_C
[1825,2070] [743300,743545]	+G_G_U_C
[1711,1824] [743089,743202]	+G_G_U_C
[1550,1710] [742821,742981]	+G_G_U_C
[1315,1549] [742501,742735]	+G_G_U_C
[1178,1314] [742180,742316]	+G_G_U_C
[1073,1177] [741945,742049]	+G_G_U_C
[961,1072] [741683,741794]	+G_G_U_C
[868,960] [741508,741600]	+G_G_U_C
[772,867] [740969,741064]	+G_G_U_C
[634,771] [740619,740756]	+G_G_U_C
[486,633] [740354,740501]	+G_G_U_C
[364,485] [740123,740244]	+G_G_U_C
[0,363] [739686,740049]	
#AT1G03103.1	6495
[440,639] [747857,748056]	+G_G_U_C
[335,439] [747621,747725]	+K_C_G_I
[0,334] [747196,747530]	
#AT1G03340.1	6514
[718,1297] [820737,821316]	+G_G_U_C
[646,717] [820594,820665]	+G_G_U_C
[303,645] [820158,820500]	+G_G_U_C
[122,302] [819896,820076]	+G_G_U_C
[0,121] [819661,819782]	
#AT1G03360.1	6517
[626,1060] [825744,826178]	+G_G_U_C
[557,625] [825586,825654]	+G_G_U_C
[491,556] [825421,825486]	+G_G_U_C
[401,490] [825252,825341]	+G_G_U_C
[355,400] [825101,825146]	+G_G_U_C
[253,354] [824890,824991]	+G_G_U_C
[0,252] [824560,824812]	
#AT1G03320.1	6518
[70,662] [817174,817766]	+G_G_U_C
[0,69] [817026,817095]	
#AT1G03310.2	6519
[112,2932] [813928,816748]	+G_G_U_C
[0,111] [813492,813603]	
#AT1G03310.1	6520
[103,2923] [813928,816748]	+G_G_U_C
[0,102] [813478,813580]	
#AT1G03370.1	6525
[5097,5944] [834513,835360]	+G_G_U_C
[4931,5096] [834253,834418]	+G_G_U_C
[4668,4930] [833693,833955]	+G_G_U_C
[4512,4667] [833414,833569]	+G_G_U_C
[4228,4511] [833083,833366]	+G_G_U_C
[4045,4227] [832752,832934]	+G_G_U_C
[2824,4044] [831419,832639]	+G_G_U_C
[2468,2823] [830957,831312]	+G_G_U_C
[2001,2467] [829720,830186]	+G_G_U_C
[0,2000] [827181,829181]	
#AT1G03380.1	6533
[3160,3544] [840506,840890]	+G_G_U_C
[2668,3159] [839918,840409]	+G_G_U_C
[2540,2667] [839676,839803]	+G_G_U_C
[2382,2539] [839310,839467]	+G_G_U_C
[1652,2381] [838496,839225]	+K_C_G_I
[1407,1651] [838068,838312]	+G_G_U_C
[969,1406] [837470,837907]	+K_C_G_I
[504,968] [836768,837232]	+G_G_U_C
[0,503] [835824,836327]	
#AT1G03210.1	6545
[753,860] [784132,784239]	+G_G_U_C
[669,752] [783942,784025]	+G_G_U_C
[507,668] [783680,783841]	+G_G_U_C
[228,506] [783317,783595]	+G_G_U_C
[0,227] [782947,783174]	
#AT1G03220.1	6556
[0,1529] [787121,788650]	
#AT1G03220.1	6556
[0,1529] [790090,791622]	
#AT1G03230.1	6558
[0,1501] [790090,791591]	
#AT1G03230.1	6558
[0,1501] [787120,788618]	
#AT1G03290.1	6563
[1415,1725] [810379,810689]	+K_C_G_I
[1368,1414] [810187,810233]	+G_G_U_C
[1186,1367] [809908,810089]	-G_G_U_C
[1071,1187] [809671,809787]	+G_G_U_C
[897,1070] [809408,809581]	+G_G_U_C
[214,896] [808531,809213]	+G_G_U_C
[48,213] [808228,808393]	+G_G_U_C
[0,47] [807969,808016]	
#AT1G03280.1	6564
[1490,1843] [806660,807013]	+G_G_U_C
[1274,1489] [806193,806408]	-G_G_U_C
[1048,1276] [805859,806087]	+G_G_U_C
[853,1047] [805457,805651]	+G_G_U_C
[669,852] [805166,805349]	+K_C_G_I
[555,668] [804956,805069]	-G_G_U_C
[445,558] [804738,804851]	+G_G_U_C
[324,444] [804246,804366]	+G_G_U_C
[201,323] [803834,803956]	+G_G_U_C
[78,200] [803564,803686]	+G_G_U_C
[0,77] [803039,803116]	
#AT1G03270.1	6565
[1383,1499] [802319,802435]	+G_G_U_C
[1322,1382] [802162,802222]	+G_G_U_C
[1275,1321] [802011,802057]	+G_G_U_C
[902,1274] [801516,801888]	+G_G_U_C
[828,901] [801355,801428]	+G_G_U_C
[740,827] [801184,801271]	+G_G_U_C
[672,739] [800971,801038]	+G_G_U_C
[600,671] [800628,800699]	+G_G_U_C
[516,599] [800381,800464]	+G_G_U_C
[402,515] [799998,800111]	+G_G_U_C
[318,401] [799826,799909]	+G_G_U_C
[241,317] [799640,799716]	+G_G_U_C
[0,240] [799190,799430]	
#AT1G03610.1	7117
[1096,1674] [902423,903001]	+G_G_U_C
[918,1095] [902168,902345]	+G_G_U_C
[731,917] [901889,902075]	+G_G_U_C
[510,730] [901484,901704]	+G_G_U_C
[0,509] [900885,901394]	
#AT1G03630.1	7125
[1098,1384] [909088,909374]	+G_G_U_C
[742,1097] [908653,909008]	+G_G_U_C
[204,741] [908031,908568]	+G_G_U_C
[105,203] [907847,907945]	+G_G_U_C
[0,104] [907649,907753]	
#AT1G03630.2	7126
[1092,1378] [909088,909374]	+G_G_U_C
[736,1091] [908653,909008]	+G_G_U_C
[204,735] [908037,908568]	+G_G_U_C
[105,203] [907847,907945]	+G_G_U_C
[0,104] [907649,907753]	
#AT1G04250.1	7246
[776,1056] [1138301,1138581]	+G_G_U_C
[714,775] [1137738,1137799]	+K_C_G_I
[575,713] [1137458,1137596]	+G_G_U_C
[363,574] [1136932,1137143]	+G_G_U_C
[0,362] [1136256,1136618]	
#AT1G04230.1	7252
[976,1321] [1127821,1128166]	+G_G_U_C
[736,975] [1127432,1127671]	+G_G_U_C
[672,735] [1127191,1127254]	+K_C_G_I
[557,671] [1126846,1126960]	+G_G_U_C
[418,556] [1126533,1126671]	+G_G_U_C
[287,417] [1126231,1126361]	+G_G_U_C
[157,286] [1125993,1126122]	+G_G_U_C
[0,156] [1125570,1125726]	
#AT1G04210.1	7253
[3399,4454] [1119151,1120206]	+G_G_U_C
[3297,3398] [1118966,1119067]	+G_G_U_C
[2946,3296] [1118529,1118879]	+G_G_U_C
[2721,2945] [1118221,1118445]	+G_G_U_C
[2564,2720] [1117987,1118143]	+G_G_U_C
[2382,2563] [1117573,1117754]	+G_G_U_C
[1952,2381] [1117051,1117480]	+G_G_U_C
[1216,1951] [1116224,1116959]	+G_G_U_C
[1053,1215] [1115936,1116098]	+G_G_U_C
[788,1052] [1115555,1115819]	+G_G_U_C
[0,787] [1114403,1115190]	
#AT1G04200.1	7256
[2295,2559] [1113784,1114048]	+K_C_G_I
[2237,2294] [1113505,1113562]	+G_G_U_C
[2145,2236] [1113299,1113390]	+G_G_U_C
[2025,2144] [1113070,1113189]	+G_G_U_C
[1935,2024] [1112859,1112948]	+G_G_U_C
[1842,1934] [1112687,1112779]	+G_G_U_C
[1751,1841] [1112498,1112588]	+G_G_U_C
[1632,1750] [1112289,1112407]	+G_G_U_C
[1518,1631] [1111999,1112112]	+G_G_U_C
[1389,1517] [1111789,1111917]	+G_G_U_C
[1286,1388] [1111521,1111623]	+G_G_U_C
[1198,1285] [1111303,1111390]	+K_C_G_I
[952,1197] [1110981,1111226]	+G_G_U_C
[810,951] [1110676,1110817]	+G_G_U_C
[680,809] [1110455,1110584]	+G_G_U_C
[616,679] [1110298,1110361]	+G_G_U_C
[376,615] [1109982,1110221]	+G_G_U_C
[0,375] [1109488,1109863]	
#AT1G04100.1	7285
[1019,1253] [1060955,1061189]	+G_G_U_C
[886,1018] [1060730,1060862]	+G_G_U_C
[575,885] [1060322,1060632]	+G_G_U_C
[0,574] [1059504,1060078]	
#AT1G04090.1	7286
[180,1964] [1057633,1059417]	+G_G_U_C
[0,179] [1057149,1057328]	
#AT1G04130.1	7290
[1046,1292] [1075299,1075545]	+G_G_U_C
[953,1045] [1075106,1075198]	+K_C_G_I
[829,952] [1074896,1075019]	+G_G_U_C
[748,828] [1074528,1074608]	-G_G_U_C
[547,749] [1074223,1074425]	+G_G_U_C
[355,546] [1073938,1074129]	+G_G_U_C
[142,354] [1073647,1073859]	+G_G_U_C
[0,141] [1073426,1073567]	
#AT1G04180.1	7297
[666,1265] [1105387,1105986]	+G_G_U_C
[0,665] [1104621,1105286]	
#AT1G04170.1	7298
[1294,1792] [1099398,1099896]	+G_G_U_C
[1033,1293] [1099035,1099295]	+G_G_U_C
[814,1032] [1098716,1098934]	+G_G_U_C
[586,813] [1098377,1098604]	+G_G_U_C
[483,585] [1097997,1098099]	+G_G_U_C
[370,482] [1097798,1097910]	+G_G_U_C
[308,369] [1097617,1097678]	+G_G_U_C
[175,307] [1097397,1097529]	+G_G_U_C
[0,174] [1096944,1097118]	
#AT1G04160.1	7303
[4391,4502] [1096033,1096144]	+G_G_U_C
[4227,4390] [1095802,1095965]	+G_G_U_C
[4170,4226] [1095663,1095719]	+G_G_U_C
[4113,4169] [1095516,1095572]	+K_C_G_I
[4016,4112] [1095345,1095441]	+G_G_U_C
[3945,4015] [1095105,1095175]	+G_G_U_C
[3816,3944] [1094899,1095027]	+G_G_U_C
[3624,3815] [1094549,1094740]	+G_G_U_C
[3471,3623] [1094310,1094462]	+G_G_U_C
[3300,3470] [1093823,1093993]	+G_G_U_C
[3249,3299] [1093690,1093740]	+G_G_U_C
[3204,3248] [1093539,1093583]	+G_G_U_C
[3089,3203] [1093334,1093448]	+G_G_U_C
[2949,3088] [1093107,1093246]	+G_G_U_C
[2736,2948] [1092774,1092986]	+G_G_U_C
[2637,2735] [1092570,1092668]	+G_G_U_C
[2517,2636] [1092300,1092419]	+G_G_U_C
[2311,2516] [1091924,1092129]	+G_G_U_C
[2133,2310] [1091654,1091831]	+G_G_U_C
[2072,2132] [1091500,1091560]	+K_C_G_I
[1962,2071] [1091302,1091411]	+G_G_U_C
[1830,1961] [1091072,1091203]	+G_G_U_C
[1662,1829] [1090813,1090980]	+G_G_U_C
[1535,1661] [1090565,1090691]	+G_G_U_C
[1497,1534] [1090404,1090441]	+G_G_U_C
[1395,1496] [1090059,1090160]	+G_G_U_C
[1337,1394] [1089910,1089967]	+G_G_U_C
[1235,1336] [1089391,1089492]	+G_G_U_C
[1088,1234] [1089119,1089265]	+G_G_U_C
[951,1087] [1088893,1089029]	+G_G_U_C
[801,950] [1088662,1088811]	+G_G_U_C
[641,800] [1088409,1088568]	+G_G_U_C
[582,640] [1088249,1088307]	+G_G_U_C
[422,581] [1087888,1088047]	+G_G_U_C
[276,421] [1087655,1087800]	+K_C_G_I
[132,275] [1087368,1087511]	+G_G_U_C
[0,131] [1087109,1087240]	
#AT1G04370.1	7347
[0,401] [1175175,1175576]	
#AT1G04350.1	7364
[955,1443] [1166278,1166766]	-G_G_U_C
[637,958] [1165871,1166192]	+G_G_U_C
[0,636] [1165163,1165799]	
#AT1G03790.1	7375
[0,1572] [954523,956095]	
#AT1G03810.1	7377
[250,431] [959426,959607]	+G_G_U_C
[0,249] [958757,959006]	
#AT1G03770.1	7402
[1071,1283] [947121,947333]	+G_G_U_C
[567,1070] [946307,946810]	+G_G_U_C
[525,566] [946167,946208]	+G_G_U_C
[404,524] [945950,946070]	+G_G_U_C
[322,403] [945778,945859]	+G_G_U_C
[263,321] [945470,945528]	+K_C_G_I
[211,262] [945115,945166]	+G_G_U_C
[0,210] [944770,944980]	
#AT1G03700.1	7411
[349,639] [921610,921900]	+G_G_U_C
[246,348] [921298,921400]	+G_G_U_C
[0,245] [920949,921194]	
#AT1G03687.1	7414
[905,1325] [920086,920506]	+G_G_U_C
[822,904] [919912,919994]	+G_G_U_C
[741,821] [919736,919816]	+G_G_U_C
[634,740] [919502,919608]	+G_G_U_C
[507,633] [919266,919392]	+G_G_U_C
[414,506] [919095,919187]	+G_G_U_C
[273,413] [918867,919007]	+G_G_U_C
[0,272] [918328,918600]	
#AT1G03687.2	7415
[775,1346] [919912,920483]	+G_G_U_C
[694,774] [919736,919816]	+G_G_U_C
[587,693] [919502,919608]	+G_G_U_C
[460,586] [919266,919392]	+G_G_U_C
[367,459] [919095,919187]	+G_G_U_C
[226,366] [918867,919007]	+G_G_U_C
[0,225] [918375,918600]	
#AT1G03710.1	7416
[639,826] [924469,924656]	+G_G_U_C
[417,638] [924090,924311]	-G_G_U_C
[269,418] [923827,923976]	+G_G_U_C
[0,268] [923486,923754]	
#AT1G03750.1	7420
[2293,2588] [940771,941066]	+G_G_U_C
[2067,2292] [940451,940676]	+G_G_U_C
[1791,2066] [940090,940365]	+G_G_U_C
[1664,1790] [939874,940000]	+G_G_U_C
[497,1663] [938632,939798]	+G_G_U_C
[390,496] [938422,938528]	+G_G_U_C
[0,389] [937918,938307]	
#AT1G03880.1	7428
[1005,1627] [987522,988144]	+K_C_G_I
[576,1004] [986852,987280]	+K_C_G_I
[313,575] [986277,986539]	+G_G_U_C
[0,312] [985754,986066]	
#AT1G03740.1	7430
[2627,3015] [936653,937041]	+G_G_U_C
[2243,2626] [936187,936570]	+G_G_U_C
[2028,2242] [935881,936095]	+G_G_U_C
[1800,2027] [935569,935796]	+G_G_U_C
[1482,1799] [935163,935480]	+G_G_U_C
[1197,1481] [934784,935068]	+K_C_G_I
[0,1196] [933511,934707]	
#AT1G03740.2	7431
[2243,3097] [936187,937041]	+G_G_U_C
[2028,2242] [935881,936095]	+G_G_U_C
[1800,2027] [935569,935796]	+G_G_U_C
[1482,1799] [935163,935480]	+G_G_U_C
[1197,1481] [934784,935068]	+K_C_G_I
[0,1196] [933511,934707]	
#AT1G03890.1	7434
[1015,1504] [990529,991018]	+G_G_U_C
[604,1014] [990047,990457]	+G_G_U_C
[338,603] [989651,989916]	+G_G_U_C
[0,337] [989211,989548]	
#AT1G03905.1	7435
[591,872] [995311,995592]	+G_G_U_C
[504,590] [994826,994912]	+G_G_U_C
[367,503] [994494,994630]	+G_G_U_C
[315,366] [994352,994403]	+G_G_U_C
[154,314] [994044,994204]	+G_G_U_C
[0,153] [993476,993629]	
#AT1G04030.1	7445
[1259,1583] [1042566,1042890]	+G_G_U_C
[1182,1258] [1042237,1042313]	+G_G_U_C
[137,1181] [1041047,1042091]	+G_G_U_C
[36,136] [1040872,1040972]	+K_C_G_I
[0,35] [1040516,1040551]	
#AT1G04080.1	7449
[2340,2657] [1056432,1056749]	+G_G_U_C
[2238,2339] [1056185,1056286]	+G_G_U_C
[1932,2237] [1055796,1056101]	+G_G_U_C
[1701,1931] [1055476,1055706]	+G_G_U_C
[1584,1700] [1055172,1055288]	+G_G_U_C
[1431,1583] [1054934,1055086]	+G_G_U_C
[1287,1430] [1054661,1054804]	+G_G_U_C
[893,1286] [1053805,1054198]	+G_G_U_C
[725,892] [1053325,1053492]	+G_G_U_C
[495,724] [1052544,1052773]	+G_G_U_C
[385,494] [1052158,1052267]	+G_G_U_C
[116,384] [1051767,1052035]	+G_G_U_C
[0,115] [1051374,1051489]	
#AT1G04020.2	7450
[1837,2366] [1039693,1040222]	+K_C_G_I
[1718,1836] [1039486,1039604]	+G_G_U_C
[1552,1717] [1039222,1039387]	+G_G_U_C
[1461,1551] [1038993,1039083]	+K_C_G_I
[1363,1460] [1038799,1038896]	+G_G_U_C
[1176,1362] [1038517,1038703]	+G_G_U_C
[1075,1175] [1038274,1038374]	+G_G_U_C
[823,1074] [1037922,1038173]	+G_G_U_C
[607,822] [1037529,1037744]	+K_C_G_I
[254,606] [1037087,1037439]	+G_G_U_C
[183,253] [1036942,1037012]	+K_C_G_I
[129,182] [1036795,1036848]	+G_G_U_C
[0,128] [1036562,1036690]	
#AT1G04020.1	7451
[1844,2373] [1039693,1040222]	+K_C_G_I
[1725,1843] [1039486,1039604]	+G_G_U_C
[1559,1724] [1039222,1039387]	+G_G_U_C
[1468,1558] [1038993,1039083]	+K_C_G_I
[1370,1467] [1038799,1038896]	+G_G_U_C
[1183,1369] [1038517,1038703]	+G_G_U_C
[1082,1182] [1038274,1038374]	+G_G_U_C
[827,1081] [1037919,1038173]	+G_G_U_C
[611,826] [1037529,1037744]	+K_C_G_I
[258,610] [1037087,1037439]	+G_G_U_C
[187,257] [1036942,1037012]	+K_C_G_I
[133,186] [1036795,1036848]	+G_G_U_C
[0,132] [1036558,1036690]	
#AT1G03990.1	7458
[525,2276] [1025863,1027614]	+G_G_U_C
[249,524] [1025291,1025566]	+G_G_U_C
[0,248] [1024845,1025093]	
#AT1G03910.1	7468
[1899,2018] [1000110,1000229]	+G_G_U_C
[1632,1898] [999758,1000024]	+G_G_U_C
[1455,1631] [999502,999678]	+G_G_U_C
[1152,1454] [999107,999409]	+G_G_U_C
[867,1151] [998731,999015]	+G_G_U_C
[771,866] [998418,998513]	+G_G_U_C
[630,770] [997753,997893]	+G_G_U_C
[567,629] [997602,997664]	+G_G_U_C
[495,566] [997416,997487]	+G_G_U_C
[395,494] [997175,997274]	+K_C_G_I
[303,394] [996846,996937]	+G_G_U_C
[0,302] [996430,996732]	
#AT1G03960.2	7472
[2121,2455] [1017566,1017900]	+G_G_U_C
[1971,2120] [1017330,1017479]	+G_G_U_C
[1845,1970] [1017056,1017181]	+G_G_U_C
[1688,1844] [1016793,1016949]	+G_G_U_C
[1578,1687] [1016338,1016447]	+G_G_U_C
[1430,1577] [1016077,1016224]	+G_G_U_C
[1288,1429] [1015682,1015823]	+G_G_U_C
[1197,1287] [1015426,1015516]	+G_G_U_C
[1091,1196] [1015197,1015302]	+G_G_U_C
[991,1090] [1014949,1015048]	+G_G_U_C
[885,990] [1014765,1014870]	+G_G_U_C
[829,884] [1014619,1014674]	+G_G_U_C
[0,828] [1013713,1014541]	
#AT1G03960.1	7473
[1969,2303] [1017566,1017900]	+G_G_U_C
[1819,1968] [1017330,1017479]	+G_G_U_C
[1693,1818] [1017056,1017181]	+G_G_U_C
[1536,1692] [1016793,1016949]	+G_G_U_C
[1426,1535] [1016338,1016447]	+G_G_U_C
[1278,1425] [1016077,1016224]	+G_G_U_C
[1136,1277] [1015682,1015823]	+G_G_U_C
[1045,1135] [1015426,1015516]	+G_G_U_C
[939,1044] [1015197,1015302]	+G_G_U_C
[839,938] [1014949,1015048]	+G_G_U_C
[733,838] [1014765,1014870]	+G_G_U_C
[523,732] [1014332,1014541]	+G_G_U_C
[0,522] [1013713,1014235]	
#AT1G03970.1	7474
[0,1108] [1018098,1019206]	
#AT1G03940.1	7478
[0,1514] [873331,874832]	
#AT1G03920.1	7479
[1746,2004] [1004123,1004381]	+G_G_U_C
[1689,1745] [1003969,1004025]	+G_G_U_C
[1604,1688] [1003808,1003892]	+K_C_G_I
[1556,1603] [1003605,1003652]	+G_G_U_C
[1442,1555] [1003387,1003500]	+G_G_U_C
[1310,1441] [1003135,1003266]	+G_G_U_C
[1225,1309] [1002946,1003030]	+G_G_U_C
[1145,1224] [1002781,1002860]	+G_G_U_C
[928,1144] [1002469,1002685]	+G_G_U_C
[686,927] [1002141,1002382]	+G_G_U_C
[427,685] [1001807,1002065]	+G_G_U_C
[0,426] [1001319,1001745]	
#AT1G03900.1	7480
[808,1148] [992776,993116]	+G_G_U_C
[559,807] [992441,992689]	+G_G_U_C
[0,558] [991186,991744]	
#AT1G03930.1	7482
[1795,2337] [1007826,1008368]	+G_G_U_C
[1664,1794] [1007600,1007730]	+G_G_U_C
[1597,1663] [1007457,1007523]	+G_G_U_C
[1511,1596] [1007288,1007373]	+G_G_U_C
[1384,1510] [1007079,1007205]	+G_G_U_C
[1299,1383] [1006915,1006999]	+G_G_U_C
[1235,1298] [1006732,1006795]	+G_G_U_C
[1173,1234] [1006579,1006640]	+G_G_U_C
[1102,1172] [1006426,1006496]	+G_G_U_C
[1006,1101] [1006174,1006269]	+G_G_U_C
[857,1005] [1005924,1006072]	+K_C_G_I
[787,856] [1005744,1005813]	+G_G_U_C
[746,786] [1005610,1005650]	+G_G_U_C
[0,745] [1004767,1005512]	
